3 0.5 0.5 0.96 0.96
2 0.211719 0.964844 0.220312 0.070312
2 0.546875 0.928906 0.118750 0.142187
2 0.842969 0.888281 0.260937 0.142187
2 0.323437 0.722656 0.140625 0.332813
2 0.604688 0.600781 0.259375 0.335938
2 0.139063 0.261719 0.278125 0.348438
2 0.412500 0.224219 0.234375 0.276562
8 0.500000 0.500000 1.000000 1.000000
4 0.785156 0.950000 0.429688 0.100000
4 0.051562 0.787500 0.103125 0.425000
4 0.950000 0.210156 0.100000 0.420312
4 0.200781 0.050781 0.401562 0.101562
6 0.883594 0.549219 0.232813 0.345313
6 0.722656 0.173437 0.495312 0.346875